000000 000000
000000 000116
000001 000121
000002 000101
000003 000134
000004 000142
000005 000164
000006 000764
000007 000012
000010 000003
000011 000147
000012 000000
000013 000000
000014 000013
000015 000000
000016 000015
000017 000062
000020 000073
000021 000146
000022 001130
000023 000000
000024 000000
000025 000023
000026 000024
000027 000000
000030 000000
000031 000027
000032 000030
000033 000056
000034 000040
000035 000033
000036 000034
000037 000004
000040 000037
000062 000000
000062 007410
000063 064000
000064 004106
000065 050300
000066 014020
000067 040401
000070 004407
000071 010112
000072 016017
000073 110400
000074 002014
000075 002414
000076 003014
000077 003414
000100 010113
000101 002122
000102 002606
000103 050100
000104 003025
000105 041001
000106 005025
000107 010123
000110 016000
000111 003026
000112 041001
000113 005026
000114 010224
000115 014001
000116 003014
000117 005026
000120 010224
000121 003407
000122 051300
000123 014021
000124 003435
000125 050300
000126 016003
000127 003431
000130 041401
000131 005431
000132 003414
000133 005432
000134 003436
000135 050300
000136 016004
000137 003432
000140 041401
000141 005432
000142 007037
000143 050200
000144 014005
000145 016002
000146 010113
000147 002106
000150 066001
000151 002416
000152 040401
000153 004416
000154 010115
000155 003007
000156 050600
000157 016011
000160 002031
000161 066001
000162 002032
000163 066001
000164 000000