000006 000000
000006 000024
000007 000000
000010 000764
000011 000007
000012 000006
000013 000010
000014 000036
000015 000057
000016 001010
000017 001011
000020 001012
000021 001013
000022 000116
000023 000127
000024 000105
000025 001014
000036 000000
000036 064000
000037 004110
000040 002411
000041 040401
000042 004411
000043 010107
000044 003012
000045 003411
000046 051300
000047 016014
000050 110400
000051 042424
000052 043024
000053 043424
000054 004411
000055 002011
000056 010107
000057 002110
000060 066001
000061 002411
000062 040401
000063 004411
000064 010107
000065 003012
000066 003411
000067 051300
000070 016015
000071 110400
000072 042424
000073 043024
000074 043424
000075 004411
000076 002007
000077 010107
000100 064000
000101 004016
000102 042401
000103 060601
000104 004420
000105 002110
000106 036016
000107 004017
000110 060217
000111 050300
000112 002017
000113 014022
000114 056000
000115 040001
000116 004025
000117 036020
000120 060217
000121 050300
000122 014023
000123 002025
000124 004020
000125 002110
000126 004021
000127 002411
000130 040401
000131 004411
000132 010107
000133 002012
000134 002411
000135 050100
000136 016024
000137 002021
000140 066001
000141 000000